0.8588,0.9983
0.8574,0.9980
0.8484,0.9990
0.8582,0.9983
0.8491,0.9983
0.8510,0.9975
0.8489,0.9987
0.8455,0.9955
0.8523,0.9981
0.8527,0.9983
0.8465,0.9988
0.8457,0.9970
0.8547,0.9982
0.8391,0.9980
0.8556,0.9983
0.8583,0.9995
0.8491,0.9990
0.8526,0.9993
0.8518,0.9998
0.8433,0.9978
0.8513,0.9985
0.8502,0.9988
0.8538,0.9990
0.8453,0.9988
0.8508,0.9975
0.8491,0.9995
0.8405,0.9985
0.8434,0.9980
0.8581,0.9988
0.8607,0.9993
0.8386,0.9988
0.8506,0.9988
0.8386,0.9983
0.8452,0.9980
0.8439,0.9987
0.8515,0.9968
0.8507,0.9993
0.8592,0.9990
0.8505,0.9981
0.8489,0.9975
0.8398,0.9978
0.8492,0.9985
0.8485,0.9978
0.8592,0.9990
0.8537,0.9993
0.8478,0.9990
0.8497,0.9972
0.8598,0.9980
0.8593,0.9968
0.8663,0.9995
0.8616,0.9995
0.8631,0.9978
0.8650,1.0000
0.8707,0.9985
0.8710,0.9993
0.8672,0.9990
0.8603,0.9985
0.8434,0.9983
0.8509,0.9987
0.8502,0.9990
0.8530,0.9988
0.8650,0.9981
0.8678,0.9988
0.8531,0.9958
0.8414,0.9987
0.8366,0.9980
0.8515,0.9968
0.8522,0.9993
0.8557,0.9988
0.8584,0.9980
0.8492,0.9968
0.8576,0.9998
0.8565,0.9985
0.8621,0.9992
0.8550,0.9997
0.8615,0.9998
0.8538,0.9963
0.8542,0.9973
0.8669,0.9990
0.8598,0.9980
0.8641,0.9988
0.8572,0.9976
0.8580,0.9976
0.8542,0.9990
0.8585,0.9985
0.8553,0.9973
0.8528,0.9967
0.8439,0.9983
0.8519,0.9962
0.8564,0.9990
0.8458,0.9963
0.8620,0.9988
0.8556,0.9970
0.8630,0.9975
0.8600,0.9975
0.8645,0.9973
0.8627,0.9980
0.8559,0.9975
0.8570,0.9966
0.8481,0.9944
0.8628,0.9983
0.8628,0.9985
0.8630,0.9985
0.8707,0.9986
0.8677,0.9992
0.8577,0.9977
0.8664,0.9975
0.8636,0.9983
0.8658,0.9986
0.8612,0.9983
0.8605,0.9990
0.8581,0.9983
0.8581,0.9990
0.8704,0.9970
0.8760,0.9965
0.8718,0.9965
0.8770,0.9995
0.8766,0.9993
0.8753,0.9978
0.8694,0.9961
0.8744,0.9975
0.8701,0.9980
0.8724,0.9975
0.8774,0.9973
0.8726,0.9990
0.8792,0.9980
0.8641,0.9978
0.8867,0.9993
0.8855,0.9993
0.8831,0.9995
0.8846,0.9988
0.8872,0.9980
0.8798,0.9975
0.8818,0.9978
0.8804,0.9985
0.8779,0.9990
0.8801,0.9983
0.8824,0.9980
0.8897,0.9990
0.8975,0.9993
0.8854,0.9988
0.8773,0.9988
0.8727,0.9990
0.8752,0.9985
0.8725,0.9985
0.8664,0.9993
0.8686,0.9986
0.8674,0.9988
0.8658,0.9980
0.8656,0.9998
0.8502,0.9993
0.8690,0.9983
0.8622,0.9990
0.8660,0.9978
0.8555,0.9985
0.8586,0.9978
0.8594,0.9983
0.8424,0.9992
0.8606,0.9990
0.8516,0.9983
0.8530,0.9972
0.8646,0.9990
0.8517,0.9975
0.8540,0.9983
0.8508,0.9973
0.8618,0.9995
0.8474,0.9975
0.8571,0.9993
0.8497,0.9980
0.8545,0.9995
0.8546,0.9985
0.8587,0.9990
0.8526,0.9983
0.8561,0.9985
0.8513,0.9988
0.8520,0.9980
0.8520,0.9978
0.8529,0.9995
0.8429,0.9988
0.8460,0.9981
0.8442,0.9982
0.8426,0.9983
0.8361,0.9990
0.8445,0.9985
0.8433,0.9977
0.8460,1.0000
0.8653,0.9998
0.8525,0.9993
0.8611,0.9995
0.8870,0.9976
0.8714,0.9995
0.8731,0.9997
0.8758,0.9968
0.8734,0.9965
0.8797,0.9998
0.8762,0.9995
0.8860,0.9998
0.8922,0.9998
0.8752,1.0000
0.8891,1.0000
0.8978,1.0000
0.9005,1.0000
0.9035,1.0000
0.9255,1.0000
0.8810,0.9998
0.8748,0.9997
0.8742,0.9998
0.8793,1.0000
0.8815,1.0000
0.8413,1.0000
0.8434,0.9997
0.8746,1.0000
0.8645,1.0000
0.8857,1.0000
0.8868,1.0000
0.8509,1.0000
0.8838,1.0000
0.8599,1.0000
0.8591,0.9998
0.8393,1.0000
0.8275,0.9998
0.8303,0.9998
0.8578,1.0000
0.8327,1.0000
0.8475,1.0000
0.8433,1.0000
0.8513,1.0000
0.8421,0.9998
0.8545,1.0000
0.8557,0.9998
0.8555,1.0000
0.8638,1.0000
0.8756,1.0000
0.8532,1.0000
0.8320,1.0000
0.8123,1.0000
0.8190,0.9995
0.8141,1.0000
0.8196,0.9997
0.8433,1.0000
0.8269,1.0000
0.8175,1.0000
0.8333,0.9998
0.7995,0.9995
0.8073,1.0000
0.7991,0.9995
0.7976,0.9995
0.7953,0.9998
0.7893,0.9993
0.7907,0.9987
0.7839,0.9995
0.7656,0.9975
0.7443,0.9977
0.7300,0.9924
0.7137,0.9925
0.7093,0.9859
0.7265,0.9929
0.7351,0.9919
0.7334,0.9934
0.7398,0.9934
0.7339,0.9913
0.7336,0.9914
0.7445,0.9913
0.7389,0.9910
0.7439,0.9968
0.7384,0.9945
0.7461,0.9955
0.7381,0.9926
0.7281,0.9934
0.7431,0.9961
0.7231,0.9925
0.7541,0.9963
0.7391,0.9931
0.7199,0.9863
0.7421,0.9912
0.7527,0.9988
0.7402,0.9943
0.7343,0.9930
0.7355,0.9935
0.7378,0.9887
0.7143,0.9815
0.6996,0.9852
0.7206,0.9853
0.7148,0.9888
0.7258,0.9878
0.7136,0.9814
0.6992,0.9815
0.7231,0.9881
0.7208,0.9878
0.7248,0.9933
0.7139,0.9885
0.7112,0.9827
0.7006,0.9743
0.6944,0.9764
0.7118,0.9859
0.7094,0.9883
0.6921,0.9830
0.7210,0.9848
0.7166,0.9832
0.7317,0.9934
0.6907,0.9746
0.6987,0.9815
0.7077,0.9829
0.7036,0.9867
0.7346,0.9915
0.7140,0.9876
0.7119,0.9879
0.7221,0.9889
0.7214,0.9900
0.7038,0.9907
0.6884,0.9785
0.6937,0.9750
0.7020,0.9888
0.7144,0.9894
0.7054,0.9856
0.7112,0.9856
0.7053,0.9862
0.7318,0.9948
0.7297,0.9911
0.7362,0.9921
0.7253,0.9922
0.7294,0.9929
0.7341,0.9944
0.7383,0.9924
0.7257,0.9941
0.7350,0.9940
0.7248,0.9907
0.7614,0.9951
0.7406,0.9935
0.7274,0.9924
0.7128,0.9882
0.7173,0.9881
0.7263,0.9895
0.7327,0.9901
0.7291,0.9897
0.7266,0.9856
0.7142,0.9854
0.7198,0.9853
0.7188,0.9867
0.7157,0.9847
0.7066,0.9827
0.7255,0.9865
0.7204,0.9847
0.7224,0.9875
0.7258,0.9859
0.7181,0.9868
0.7191,0.9885
0.7210,0.9906
0.7194,0.9844
0.7238,0.9928
0.7211,0.9875
0.7300,0.9922
0.7309,0.9920
0.7410,0.9891
0.7311,0.9893
0.7332,0.9926
0.7313,0.9905
0.7234,0.9874
0.7227,0.9830
0.7210,0.9870
0.7218,0.9891
0.7130,0.9863
0.7276,0.9898
0.7388,0.9907
0.7238,0.9887
0.7251,0.9844
0.7386,0.9936
0.7331,0.9891
0.7408,0.9931
0.7640,0.9944
0.7479,0.9933
0.7506,0.9919
0.7569,0.9931
0.7594,0.9907
0.7493,0.9885
0.7465,0.9906
0.7470,0.9938
0.7432,0.9922
0.7424,0.9923
0.7570,0.9921
0.7554,0.9944
0.7486,0.9904
0.7532,0.9907
0.7394,0.9880
0.7334,0.9875
0.7507,0.9939
0.7303,0.9898
0.7387,0.9882
0.7223,0.9866
0.7322,0.9864
0.7303,0.9849
0.7278,0.9883
0.7268,0.9842
0.7290,0.9883
0.7325,0.9912
0.7264,0.9882
0.7197,0.9880
0.7144,0.9869
0.7163,0.9840
0.7037,0.9834
0.7078,0.9865
0.7251,0.9831
0.7182,0.9843
0.7199,0.9851
0.7182,0.9764
0.7321,0.9778
0.7297,0.9828
0.7200,0.9840
0.7302,0.9876
0.7367,0.9941
0.7293,0.9900
0.7235,0.9826
0.7271,0.9906
0.7450,0.9908
0.7561,0.9953
0.7522,0.9916
0.7391,0.9946
0.7541,0.9937
0.7544,0.9926
0.7556,0.9945
0.7464,0.9930
0.7567,0.9921
0.7432,0.9893
0.7420,0.9918
0.7559,0.9934
0.7546,0.9907
0.7501,0.9928
0.7559,0.9920
0.7587,0.9941
0.7672,0.9927
0.7563,0.9902
0.7532,0.9904
0.7569,0.9931
0.7552,0.9917
0.7491,0.9918
0.7604,0.9915
0.7634,0.9940
0.7526,0.9923
0.7508,0.9914
0.7571,0.9919
0.7569,0.9921
0.7466,0.9913
0.7533,0.9896
0.7475,0.9852
0.7565,0.9923
0.7569,0.9933
0.7644,0.9929
0.7624,0.9958
0.7591,0.9910
0.7637,0.9908
0.7640,0.9922
0.7607,0.9924
0.7520,0.9936
0.7440,0.9870
0.7455,0.9923
0.7562,0.9926
0.7698,0.9946
0.7552,0.9950
0.7625,0.9954
0.7588,0.9950
0.7594,0.9953
0.7541,0.9917
0.7643,0.9944
0.7625,0.9932
0.7605,0.9933
0.7688,0.9954
0.7760,0.9958
0.7674,0.9933
0.7731,0.9961
0.7621,0.9921
0.7706,0.9954
0.7758,0.9966
0.7830,0.9939
0.7707,0.9954
0.7651,0.9967
0.7721,0.9963
0.7792,0.9970
0.7797,0.9985
0.7874,0.9975
0.7852,0.9982
0.7808,0.9970
0.7836,0.9973
0.7833,0.9968
0.7691,0.9960
0.7659,0.9972
0.7776,0.9978
0.7767,0.9948
0.7834,0.9934
0.7777,0.9963
0.7755,0.9967
0.7848,0.9958
0.7846,0.9965
0.7746,0.9937
0.7699,0.9955
0.7700,0.9937
0.7657,0.9948
0.7677,0.9938
0.7827,0.9951
0.7778,0.9968
0.7743,0.9960
0.7786,0.9951
0.7742,0.9941
0.7741,0.9960
0.7701,0.9952
0.7682,0.9941
0.7656,0.9968
0.7730,0.9939
0.7666,0.9928
0.7610,0.9921
0.7546,0.9929
0.7651,0.9929
0.7678,0.9941
0.7668,0.9930
0.7662,0.9935
0.7556,0.9945
0.7555,0.9917
0.7670,0.9923
0.7643,0.9921
0.7629,0.9933
0.7639,0.9949
0.7729,0.9958
0.7753,0.9960
0.7695,0.9927
0.7726,0.9953
0.7805,0.9980
0.7726,0.9955
0.7880,0.9953
0.7859,0.9968
0.7699,0.9933
0.7784,0.9940
0.7818,0.9941
0.7793,0.9932
0.7774,0.9932
0.7729,0.9937
0.7658,0.9940
0.7761,0.9968
0.7743,0.9947
0.7724,0.9919
0.7883,0.9971
0.7737,0.9952
0.7717,0.9956
0.7720,0.9938
0.7620,0.9920
0.7736,0.9946
0.7672,0.9932
0.7730,0.9941
0.7687,0.9933
0.7711,0.9939
0.7693,0.9897
0.7679,0.9963
0.7746,0.9950
0.7651,0.9945
0.7792,0.9934
0.7611,0.9932
0.7681,0.9942
0.7701,0.9925
0.7719,0.9951
0.7742,0.9958
0.7712,0.9922
0.7807,0.9936
0.7730,0.9951
0.7792,0.9947
0.7711,0.9948
0.7693,0.9942
0.7540,0.9925
0.7799,0.9951
0.7764,0.9945
0.7721,0.9958
0.7720,0.9935
0.7744,0.9950
0.7801,0.9945
0.7847,0.9966
0.7780,0.9938
0.7721,0.9937
0.7768,0.9961
0.7703,0.9931
0.7787,0.9935
0.7782,0.9955
0.7721,0.9950
0.7824,0.9933
0.7711,0.9925
0.7764,0.9916
0.7729,0.9946
0.7734,0.9931
0.7668,0.9924
0.7736,0.9943
0.7859,0.9930
0.7843,0.9948
0.7839,0.9960
0.7828,0.9948
0.7909,0.9975
0.7790,0.9950
0.7876,0.9960
0.7860,0.9961
0.7783,0.9946
0.7762,0.9941
0.7784,0.9952
0.7817,0.9946
0.7952,0.9943
0.7823,0.9963
0.7862,0.9917
0.7793,0.9938
0.7867,0.9947
0.7853,0.9907
0.7938,0.9958
0.7938,0.9958
0.7863,0.9940
0.7995,0.9930
0.8001,0.9961
0.7867,0.9983
0.8016,0.9952
0.8013,0.9960
0.8094,0.9985
0.8179,0.9993
0.7924,0.9942
0.7897,0.9968
0.7869,0.9965
0.7979,0.9963
0.8018,0.9965
0.7859,0.9963
0.7848,0.9992
0.7887,0.9967
0.8317,1.0000
0.8072,0.9990
0.7956,0.9983
0.7794,0.9985
0.7933,0.9985
0.7877,0.9968
0.7990,0.9975
0.7916,0.9983
0.8011,0.9988
0.7848,0.9948
0.7952,0.9975
0.8001,0.9995
0.8012,0.9985
0.7927,0.9978
0.8012,0.9985
0.7871,0.9987
0.7787,0.9951
0.7889,0.9975
0.7896,0.9980
0.7857,0.9968
0.7846,0.9956
0.7803,0.9960
0.7812,0.9968
0.7784,0.9961
0.7794,0.9963
0.7902,0.9968
0.7892,0.9975
0.7941,0.9961
0.7830,0.9978
0.7984,0.9983
0.7870,0.9978
0.7765,0.9965
0.7778,0.9975
0.7748,0.9966
0.7700,0.9962
0.7750,0.9970
0.7797,0.9925
0.7768,0.9963
0.7815,0.9941
0.7922,0.9963
0.7794,0.9968
0.7682,0.9947
0.7719,0.9950
0.7810,0.9943
0.7823,0.9963
0.7795,0.9945
0.7824,0.9953
0.7733,0.9915
0.7783,0.9938
0.7726,0.9948
0.7809,0.9950
0.7788,0.9934
0.7885,0.9958
0.7808,0.9971
0.7920,0.9970
0.7867,0.9963
0.7790,0.9940
0.7820,0.9948
0.7826,0.9944
0.7825,0.9946
0.7806,0.9966
0.7719,0.9954
0.7762,0.9960
0.7846,0.9927
0.7792,0.9954
0.7775,0.9934
0.7680,0.9923
0.7735,0.9934
0.7731,0.9965
0.7651,0.9942
0.7739,0.9948
0.7714,0.9953
0.7745,0.9957
0.7643,0.9946
0.7749,0.9956
0.7756,0.9954
0.7609,0.9904
0.7608,0.9930
0.7728,0.9956
0.7786,0.9951
0.7642,0.9953
0.7677,0.9967
0.7720,0.9943
0.7643,0.9935
0.7759,0.9931
0.7684,0.9976
0.7643,0.9953
0.7670,0.9944
0.7576,0.9922
0.7661,0.9921
0.7682,0.9946
0.7642,0.9901
0.7800,0.9956
0.7757,0.9939
0.7802,0.9944
0.7927,0.9965
0.7808,0.9943
0.7903,0.9960
0.7804,0.9937
0.7787,0.9934
0.7842,0.9978
0.7763,0.9953
0.7892,0.9954
0.7931,0.9924
0.7845,0.9973
0.7858,0.9929
0.7820,0.9902
0.7888,0.9947
0.7947,0.9958
0.7792,0.9958
0.7781,0.9950
0.7792,0.9933
0.7864,0.9965
0.7849,0.9957
0.7903,0.9928
0.7937,0.9948
0.7829,0.9963
0.8013,0.9973
0.7975,0.9959
0.7998,0.9956
0.8043,0.9958
0.7986,0.9936
0.7966,0.9946
0.7992,0.9956
0.7924,0.9950
0.7866,0.9957
0.8014,0.9968
0.7966,0.9960
0.7974,0.9963
0.7836,0.9947
0.7904,0.9947
0.7927,0.9925
0.7794,0.9930
0.7892,0.9968
0.7900,0.9953
0.7958,0.9967
0.7990,0.9946
0.8020,0.9967
0.8059,0.9980
0.8020,0.9943
0.8005,0.9980
0.8009,0.9983
0.7996,0.9971
0.8110,0.9966
0.8022,0.9953
0.7931,0.9962
0.8026,0.9939
0.7886,0.9949
0.8022,0.9958
0.7997,0.9956
0.8033,0.9963
0.7863,0.9931
0.7924,0.9952
0.7995,0.9960
0.7935,0.9952
0.7958,0.9955
0.8093,0.9959
0.8021,0.9943
0.8086,0.9980
0.8110,0.9959
0.8117,0.9947
0.8050,0.9970
0.8074,0.9975
0.8031,0.9970
0.7952,0.9920
0.7974,0.9941
0.7987,0.9962
0.8069,0.9963
0.8053,0.9965
0.8056,0.9985
0.8101,0.9954
0.7988,0.9957
0.8076,0.9958
0.8080,0.9963
0.8015,0.9960
0.8065,0.9949
0.7975,0.9950
0.8052,0.9966
0.7968,0.9956
0.8048,0.9948
0.7940,0.9954
0.8105,0.9952
0.8032,0.9951
0.8002,0.9953
0.8088,0.9956
0.8091,0.9973
0.8029,0.9933
0.8030,0.9957
0.7892,0.9947
0.7979,0.9949
0.7993,0.9963
0.7959,0.9955
0.7971,0.9920
0.8049,0.9949
0.8036,0.9959
0.8032,0.9946
0.7939,0.9921
0.8048,0.9962
0.8190,0.9973
0.8216,0.9970
0.8231,0.9988
0.8198,0.9938
0.8171,0.9963
0.8240,0.9975
0.8282,0.9963
0.8203,0.9980
0.8270,0.9955
0.8302,0.9943
0.8349,0.9978
0.8350,0.9980
0.8390,0.9978
0.8349,0.9978
0.8381,0.9983
0.8390,0.9988
0.8479,0.9993
0.8378,0.9985
0.8383,0.9988
0.8285,0.9983
0.8391,0.9968
0.8246,0.9973
0.8264,0.9973
0.8314,0.9975
0.8282,0.9976
0.8316,0.9973
0.8330,0.9975
0.8387,0.9980
0.8324,0.9988
0.8312,0.9985
0.8312,0.9983
0.8378,0.9967
0.8401,0.9970
0.8317,0.9982
0.8390,0.9968
0.8312,0.9963
0.8350,0.9980
0.8337,0.9980
0.8279,0.9980
0.8297,0.9966
0.8256,0.9975
0.8258,0.9963
0.8331,0.9963
0.8377,0.9976
0.8358,0.9961
0.8290,0.9958
0.8423,0.9951
0.8378,0.9944
0.8319,0.9965
0.8406,0.9926
0.8381,0.9973
0.8322,0.9962
0.8200,0.9946
0.8234,0.9962
0.8174,0.9963
0.8257,0.9956
0.8245,0.9957
0.8188,0.9963
0.8266,0.9951
0.8232,0.9963
0.8155,0.9962
0.8264,0.9970
0.8197,0.9965
0.8195,0.9921
0.8190,0.9977
0.8253,0.9961
0.8263,0.9962
0.8320,0.9971
0.8250,0.9973
0.8201,0.9970
0.8295,0.9968
0.8365,0.9978
0.8251,0.9985
0.8217,0.9980
0.8274,0.9956
0.8261,0.9990
0.8347,0.9983
0.8303,0.9968
0.8162,0.9963
0.8155,0.9977
0.8297,0.9951
0.8289,0.9963
0.8164,0.9970
0.8165,0.9953
0.8194,0.9981
0.8121,0.9963
0.8092,0.9960
0.8084,0.9985
0.8173,0.9973
0.8113,0.9970
0.8152,0.9948
0.8141,0.9970
0.8187,0.9975
0.8194,0.9971
0.8148,0.9968
0.8165,0.9956
0.8209,0.9966
0.8244,0.9943
0.8149,0.9956
0.8267,0.9963
0.8213,0.9975
0.8323,0.9983
0.8250,0.9980
0.8199,0.9975
0.8190,0.9976
0.8310,0.9970
0.8206,0.9962
0.8187,0.9977
0.8187,0.9972
0.8263,0.9976
0.8262,0.9967
0.8255,0.9965
0.8352,0.9983
0.8372,0.9966
0.8325,0.9983
0.8324,0.9980
0.8090,0.9964
0.8336,0.9998
0.8309,0.9985
0.8608,1.0000
0.8224,0.9985
0.8605,1.0000
0.8446,0.9983
0.8416,0.9985
0.8273,0.9990
0.8299,0.9982
0.8268,0.9975
0.8337,0.9995
0.8423,1.0000
0.8360,0.9992
0.8350,0.9990
0.8367,0.9993
0.8427,0.9990
0.8433,0.9998
0.8353,0.9985
0.8372,0.9995
0.8299,0.9985
0.8261,0.9990
0.8368,0.9990
0.8366,0.9985
0.8368,1.0000
0.8307,0.9977
0.8391,0.9978
0.8485,0.9990
0.8469,0.9988
0.8467,0.9995
0.8357,0.9990
0.8284,0.9995
0.8335,0.9990
0.8228,0.9945
0.8283,0.9975
0.8343,0.9987
0.8382,0.9998
0.8379,0.9988
0.8358,0.9993
0.8444,1.0000
0.8383,0.9995
0.8335,0.9997
0.8328,0.9993
0.8383,0.9995
0.8333,0.9985
0.8299,0.9992
0.8367,0.9995
0.8364,0.9988
0.8300,0.9990
0.8321,0.9985
0.8222,0.9958
0.8267,0.9973
0.8105,0.9967
0.8286,0.9983
0.8342,0.9958
0.8267,0.9988
0.8354,0.9990
0.8290,0.9983
0.8278,0.9975
0.8370,0.9985
0.8313,0.9978
0.8289,0.9973
0.8296,0.9965
0.8333,0.9988
0.8423,0.9978
0.8418,0.9980
0.8374,0.9983
0.8372,0.9978
0.8348,0.9977
0.8335,0.9980
0.8515,0.9980
0.8490,0.9983
0.8469,0.9983
0.8424,0.9983
0.8518,0.9990
0.8553,0.9988
0.8416,0.9957
0.8475,0.9968
0.8492,0.9968
0.8374,0.9962
0.8442,1.0000
0.8580,0.9995
0.8519,0.9992
0.8409,0.9965
0.8469,0.9963
0.8444,0.9976
0.8419,0.9985
0.8390,0.9983
0.8426,0.9987
0.8519,0.9976
0.8553,0.9990
0.8454,0.9983
0.8408,0.9983
0.8425,0.9985
0.8350,0.9968
0.8265,0.9988
0.8314,0.9983
0.8257,0.9978
0.8227,0.9975
0.8310,0.9971
0.8241,0.9963
0.8272,0.9980
0.8260,0.9963
0.8292,0.9978
0.8225,0.9953
0.8302,0.9985
0.8289,0.9978
0.8322,0.9975
0.8333,0.9963
0.8298,0.9978
0.8326,0.9941
0.8322,0.9988
0.8270,0.9966
0.8319,0.9993
0.8270,0.9968
0.8324,0.9983
0.8257,0.9963
0.8359,0.9970
0.8267,0.9961
0.8364,0.9983
0.8343,0.9970
0.8214,0.9995
0.8257,0.9965
0.8209,0.9965
0.8237,0.9977
0.8216,0.9980
0.8324,0.9963
0.8303,0.9975
0.8169,0.9976
0.8167,0.9980
0.8301,0.9981
0.8100,0.9980
0.8158,0.9958
0.8278,0.9978
0.8212,0.9978
0.8269,0.9950
0.8302,0.9942
0.8305,0.9946
0.8192,0.9937
0.8282,0.9961
0.8375,0.9978
0.8282,0.9980
0.8298,0.9951
0.8331,0.9955
0.8351,0.9966
0.8253,0.9960
0.8355,0.9971
0.8395,0.9958
0.8324,0.9970
0.8360,0.9966
0.8342,0.9980
0.8376,0.9968
0.8301,0.9953
0.8270,0.9968
0.8314,0.9988
0.8372,0.9975
0.8355,0.9958
0.8359,0.9971
0.8223,0.9954
0.8318,0.9973
0.8289,0.9958
0.8327,0.9970
0.8334,0.9954
0.8273,0.9975
0.8255,0.9973
0.8313,0.9960
0.8334,0.9947
0.8347,0.9941
0.8264,0.9938
0.8263,0.9977
0.8326,0.9953
0.8290,0.9946
0.8256,0.9924
0.8321,0.9916
0.8333,0.9946
0.8189,0.9969
0.8332,0.9970
0.8355,0.9975
0.8417,0.9954
0.8275,0.9983
0.8295,0.9965
0.8347,0.9945
0.8327,0.9973
0.8349,0.9960
0.8406,0.9958
0.8467,0.9960
0.8360,0.9978
0.8370,0.9961
0.8375,0.9973
0.8268,0.9983
0.8312,0.9954
0.8390,0.9975
0.8341,0.9948
0.8312,0.9951
0.8275,0.9951
0.8371,0.9960
0.8276,0.9961
0.8337,0.9978
0.8352,0.9970
0.8286,0.9970
0.8334,0.9983
0.8255,0.9975
0.8206,0.9959
0.8319,0.9968
0.8254,0.9965
0.8236,0.9970
0.8121,0.9970
0.8306,0.9953
0.8308,0.9965
0.8335,0.9968
0.8179,0.9975
0.8206,0.9975
0.8232,0.9985
0.8216,0.9953
0.8177,0.9963
0.8282,0.9975
0.8219,0.9961
0.8198,0.9985
0.8273,0.9968
0.8140,0.9972
0.8273,0.9968
0.8253,0.9982
0.8183,0.9978
0.8148,0.9952
0.8141,0.9958
0.8183,0.9961
0.8220,0.9967
0.8142,0.9953
0.8087,0.9961
0.8096,0.9936
0.8041,0.9949
0.8037,0.9954
0.7934,0.9931
0.8130,0.9954
0.8120,0.9936
0.7962,0.9965
0.8057,0.9921
0.8131,0.9974
0.7994,0.9950
0.8127,0.9956
0.8161,0.9951
0.8071,0.9967
0.8057,0.9930
0.8070,0.9957
0.8055,0.9935
0.8140,0.9953
0.7998,0.9934
0.8001,0.9932
0.8010,0.9975
0.8110,0.9936
0.8073,0.9952
0.8182,0.9938
0.8175,0.9950
0.8099,0.9951
0.8151,0.9971
0.8157,0.9993
0.8077,0.9960
0.8195,0.9966
0.8101,0.9956
0.8109,0.9953
0.8134,0.9973
0.8020,0.9965
0.8111,0.9956
0.8098,0.9949
0.8121,0.9924
0.8066,0.9930
0.8178,0.9947
0.8115,0.9940
0.8224,0.9934
0.8190,0.9941
0.8120,0.9968
0.8172,0.9935
0.8070,0.9942
0.8170,0.9941
0.8173,0.9948
0.8161,0.9957
0.8186,0.9938
0.8174,0.9962
0.8182,0.9965
0.8193,0.9944
0.8232,0.9965
0.8218,0.9961
0.8252,0.9942
0.8263,0.9960
0.8271,0.9963
0.8170,0.9962
0.8140,0.9918
0.8162,0.9963
0.8295,0.9930
0.8259,0.9952
0.8229,0.9950
0.8239,0.9938
0.8176,0.9945
0.8222,0.9929
0.8198,0.9955
0.8203,0.9944
0.8280,0.9946
0.8143,0.9948
0.8116,0.9938
0.8196,0.9953
0.8172,0.9948
0.8155,0.9946
0.8186,0.9927
0.8168,0.9940
0.8102,0.9948
0.8108,0.9895
0.8178,0.9948
0.8137,0.9958
0.8161,0.9965
0.8220,0.9951
0.8263,0.9929
0.8233,0.9963
0.8192,0.9948
0.8232,0.9956
0.8256,0.9941
0.8174,0.9949
0.8204,0.9935
0.8292,0.9942
0.8174,0.9950
0.8203,0.9966
0.8207,0.9963
0.8153,0.9950
0.8124,0.9962
0.8206,0.9964
0.8289,0.9975
0.8332,0.9973
0.8336,0.9967
0.8199,0.9939
0.8201,0.9941
0.8202,0.9963
0.8140,0.9978
0.8117,0.9952
0.8088,0.9963
0.8113,0.9946
0.8145,0.9943
0.8114,0.9968
0.8150,0.9963
0.8125,0.9951
0.8095,0.9961
0.7993,0.9927
0.8096,0.9961
0.8115,0.9960
0.8135,0.9938
0.8151,0.9963
0.8150,0.9965
0.8109,0.9960
0.8067,0.9955
0.8091,0.9936
0.8105,0.9965
0.8201,0.9958
0.8197,0.9935
0.8168,0.9946
0.8139,0.9932
0.8119,0.9932
0.8132,0.9980
0.8208,0.9966
0.8169,0.9946
0.8215,0.9962
0.8223,0.9929
0.8089,0.9921
0.8221,0.9957
0.8135,0.9938
0.8200,0.9925
0.8141,0.9940
0.8256,0.9975
0.8199,0.9962
0.8221,0.9965
0.8416,0.9971
0.8313,0.9965
0.8228,0.9936
0.8207,0.9949
0.8145,0.9916
0.8147,0.9945
0.8144,0.9931
0.8150,0.9913
0.8184,0.9963
0.8187,0.9944
0.8189,0.9943
0.8161,0.9933
0.8203,0.9948
0.8260,0.9959
0.8253,0.9955
0.8166,0.9941
0.8259,0.9907
0.8188,0.9924
0.8120,0.9961
0.8247,0.9964
0.8235,0.9965
0.8287,0.9934
0.8300,0.9951
0.8259,0.9955
0.8300,0.9958
0.8276,0.9940
0.8309,0.9938
0.8227,0.9951
0.8309,0.9925
0.8194,0.9920
0.8208,0.9914
0.8217,0.9952
0.8208,0.9940
0.8279,0.9931
0.8244,0.9934
0.8193,0.9945
0.8253,0.9939
0.8238,0.9943
0.8289,0.9939
0.8347,0.9973
0.8245,0.9963
0.8344,0.9946
0.8246,0.9937
0.8235,0.9943
0.8230,0.9953
0.8159,0.9953
0.8295,0.9943
0.8180,0.9925
0.8215,0.9940
0.8158,0.9900
0.8162,0.9905
0.8266,0.9952
0.8178,0.9933
0.8255,0.9962
0.8210,0.9925
0.8191,0.9935
0.8236,0.9930
0.8278,0.9941
0.8277,0.9953
0.8243,0.9913
0.8291,0.9951
0.8273,0.9932
0.8243,0.9928
0.8246,0.9950
0.8243,0.9947
0.8338,0.9931
0.8266,0.9935
0.8262,0.9934
0.8329,0.9931
0.8345,0.9936
0.8323,0.9948
0.8299,0.9904
0.8271,0.9907
0.8222,0.9899
0.8191,0.9931
0.8239,0.9918
0.8293,0.9938
0.8198,0.9933
0.8258,0.9933
0.8211,0.9960
0.8277,0.9962
0.8316,0.9919
0.8169,0.9953
0.8277,0.9918
0.8265,0.9920
0.8208,0.9920
0.8318,0.9945
0.8229,0.9945
0.8258,0.9931
0.8261,0.9947
0.8248,0.9931
0.8295,0.9946
0.8256,0.9929
0.8236,0.9947
0.8229,0.9939
0.8285,0.9942
0.8246,0.9951
0.8319,0.9930
0.8330,0.9900
0.8338,0.9936
0.8208,0.9950
0.8220,0.9948
0.8245,0.9936
0.8303,0.9922
0.8319,0.9919
0.8322,0.9906
0.8352,0.9951
0.8332,0.9919
0.8362,0.9918
0.8261,0.9926
0.8385,0.9956
0.8323,0.9948
0.8439,0.9963
0.8285,0.9948
0.8384,0.9917
0.8344,0.9924
0.8321,0.9943
0.8342,0.9902
0.8327,0.9911
0.8323,0.9913
0.8327,0.9933
0.8314,0.9951
0.8393,0.9912
0.8429,0.9953
0.8398,0.9908
0.8363,0.9940
0.8278,0.9930
0.8389,0.9937
0.8403,0.9940
0.8338,0.9916
0.8439,0.9913
0.8424,0.9930
0.8381,0.9928
0.8385,0.9947
0.8408,0.9949
0.8373,0.9921
0.8373,0.9939
0.8415,0.9915
0.8451,0.9921
0.8357,0.9894
0.8387,0.9880
0.8437,0.9919
0.8349,0.9973
0.8449,0.9904
0.8359,0.9913
0.8378,0.9921
0.8341,0.9908
0.8420,0.9904
0.8422,0.9880
0.8429,0.9922
0.8316,0.9902
0.8350,0.9884
0.8398,0.9905
0.8435,0.9920
0.8411,0.9898
0.8311,0.9893
0.8391,0.9905
0.8308,0.9923
0.8349,0.9915
0.8439,0.9916
0.8308,0.9906
0.8459,0.9915
0.8349,0.9932
0.8402,0.9924
0.8396,0.9908
0.8437,0.9955
0.8450,0.9938
0.8473,0.9948
0.8447,0.9929
0.8321,0.9945
0.8383,0.9933
0.8426,0.9927
0.8482,0.9929
0.8427,0.9931
0.8520,0.9921
0.8371,0.9893
0.8429,0.9922
0.8414,0.9940
0.8494,0.9935
0.8426,0.9938
0.8474,0.9920
0.8341,0.9925
0.8450,0.9931
0.8419,0.9931
0.8456,0.9931
0.8449,0.9928
0.8289,0.9958
0.8393,0.9876
0.8488,0.9924
0.8461,0.9908
0.8434,0.9886
0.8434,0.9888
0.8400,0.9909
0.8358,0.9892
0.8416,0.9903
0.8422,0.9910
0.8451,0.9903
0.8377,0.9916
0.8404,0.9912
0.8406,0.9917
0.8398,0.9898
0.8409,0.9916
0.8444,0.9925
0.8446,0.9935
0.8413,0.9935
0.8288,0.9907
0.8349,0.9915
0.8291,0.9910
0.8297,0.9899
0.8388,0.9923
0.8299,0.9918
0.8340,0.9914
0.8346,0.9895
0.8265,0.9893
0.8321,0.9901
0.8249,0.9871
0.8292,0.9901
0.8297,0.9885
0.8328,0.9893
0.8246,0.9920
0.8316,0.9875
0.8285,0.9892
0.8271,0.9858
0.8253,0.9912
0.8299,0.9900
0.8285,0.9903
0.8307,0.9897
0.8408,0.9926
0.8348,0.9904
0.8302,0.9909
0.8296,0.9830
0.8364,0.9911
0.8300,0.9882
0.8313,0.9941
0.8308,0.9891
0.8236,0.9886
0.8182,0.9862
0.8285,0.9865
0.8275,0.9886
0.8302,0.9913
0.8275,0.9919
0.8332,0.9882
0.8292,0.9924
0.8339,0.9853
0.8461,0.9927
0.8313,0.9878
0.8229,0.9873
0.8325,0.9904
0.8362,0.9913
0.8360,0.9873
0.8343,0.9851
0.8283,0.9876
0.8369,0.9923
0.8289,0.9923
0.8339,0.9915
0.8130,0.9890
0.8327,0.9897
0.8305,0.9901
0.8322,0.9854
0.8323,0.9840
0.8316,0.9831
0.8296,0.9838
0.8324,0.9897
0.8332,0.9869
0.8238,0.9904
0.8220,0.9870
0.8259,0.9914
0.8234,0.9898
0.8234,0.9849
0.8197,0.9874
0.8249,0.9891
0.8401,0.9885
0.8253,0.9870
0.8365,0.9901
0.8299,0.9910
0.8166,0.9885
0.8227,0.9904
0.8299,0.9904
0.8269,0.9853
0.8409,0.9919
0.8436,0.9895
0.8331,0.9903
0.8383,0.9884
0.8349,0.9917
0.8463,0.9914
0.8406,0.9891
0.8399,0.9954
0.8447,0.9958
0.8309,0.9925
0.8412,0.9899
0.8320,0.9901
0.8352,0.9914
0.8438,0.9934
0.8346,0.9926
0.8334,0.9911
0.8401,0.9869
0.8340,0.9877
0.8354,0.9853
0.8430,0.9911
0.8403,0.9906
0.8359,0.9878
0.8167,0.9867
0.8262,0.9905
0.8311,0.9885
0.8392,0.9883
0.8315,0.9887
0.8338,0.9874
0.8460,0.9901
0.8361,0.9890
0.8410,0.9879
0.8416,0.9875
0.8375,0.9848
0.8303,0.9882
0.8382,0.9888
0.8347,0.9924
0.8403,0.9862
0.8241,0.9884
0.8320,0.9884
0.8272,0.9880
0.8257,0.9867
0.8298,0.9893
0.8248,0.9861
0.8340,0.9895
0.8442,0.9913
0.8275,0.9896
0.8392,0.9879
0.8330,0.9874
0.8209,0.9769
0.8286,0.9855
0.8258,0.9840
0.8345,0.9870
0.8444,0.9871
0.8338,0.9892
0.8399,0.9889
0.8484,0.9877
0.8445,0.9938
0.8437,0.9860
0.8312,0.9864
0.8275,0.9884
0.8253,0.9886
0.8348,0.9844
0.8351,0.9863
0.8408,0.9888
0.8419,0.9877
0.8329,0.9863
0.8281,0.9869
0.8318,0.9848
0.8316,0.9880
0.8277,0.9796
0.8302,0.9732
0.8337,0.9840
0.8312,0.9745
0.8317,0.9879
0.8363,0.9914
0.8351,0.9910
0.8363,0.9845
0.8255,0.9758
0.8302,0.9794
0.8325,0.9888
0.8350,0.9881
0.8340,0.9847
0.8296,0.9832
0.8441,0.9869
0.8368,0.9851
0.8392,0.9891
0.8142,0.9792
0.8160,0.9843
0.8334,0.9835
0.8369,0.9844
0.8310,0.9885
0.8308,0.9831
0.8293,0.9829
0.8271,0.9816
0.8231,0.9753
0.8167,0.9784
0.8377,0.9828
0.8285,0.9821
0.8317,0.9828
0.8187,0.9820
0.7935,0.9580
0.8158,0.9763
0.8232,0.9756
0.8181,0.9769
0.8196,0.9818
0.8143,0.9822
0.8206,0.9785
0.8228,0.9788
0.8295,0.9869
0.8141,0.9793
0.8167,0.9820
0.8214,0.9759
0.8173,0.9805
0.8262,0.9745
0.8158,0.9741
0.8176,0.9813
0.8210,0.9842
0.8210,0.9705
0.8274,0.9764
0.8275,0.9818
0.8269,0.9806
0.8219,0.9806
0.8192,0.9748
0.8233,0.9821
0.8247,0.9876
0.8336,0.9892
0.8220,0.9735
0.8318,0.9745
0.8207,0.9808
0.8191,0.9841
0.8226,0.9828
0.8176,0.9711
0.8286,0.9713
0.8339,0.9819
0.8378,0.9845
0.8297,0.9803
0.8288,0.9864
0.8358,0.9863
0.8222,0.9869
0.8205,0.9861
0.8504,0.9888
0.8354,0.9814
0.8368,0.9843
0.8381,0.9867
0.8165,0.9815
0.8293,0.9881
0.8304,0.9882
0.8267,0.9867
0.8245,0.9753
0.8239,0.9735
0.8201,0.9809
0.8284,0.9832
0.8208,0.9773
0.8168,0.9820
0.8291,0.9782
0.8284,0.9793
0.8279,0.9804
0.8296,0.9753
0.8258,0.9811
0.8227,0.9837
0.8298,0.9763
0.8201,0.9801
0.8296,0.9825
0.8305,0.9816
0.8242,0.9829
0.8253,0.9799
0.8325,0.9765
0.8385,0.9783
0.8225,0.9787
0.8152,0.9777
0.8233,0.9788
0.8229,0.9759
0.8185,0.9864
0.8378,0.9826
0.8248,0.9780
0.8279,0.9855
0.8292,0.9818
0.8286,0.9803
0.8283,0.9852
0.8201,0.9797
0.8138,0.9779
0.8237,0.9849
0.8169,0.9864
0.8400,0.9808
0.8221,0.9874
0.8379,0.9918
0.8425,0.9936
0.8446,0.9883
0.8405,0.9910
0.8500,0.9936
0.8505,0.9958
0.8392,0.9869
0.8438,0.9927
0.8278,0.9832
0.8202,0.9902
0.8355,0.9798
0.8238,0.9836
0.8196,0.9758
0.8231,0.9844
0.8146,0.9797
0.8195,0.9857
0.8252,0.9836
0.8251,0.9802
0.8341,0.9815
0.8166,0.9832
0.8160,0.9816
0.8388,0.9818
0.8101,0.9778
0.8158,0.9769
0.8158,0.9825
0.8249,0.9780
0.8100,0.9773
0.8183,0.9748
0.8127,0.9798
0.8103,0.9854
0.8142,0.9831
0.8087,0.9809
0.8130,0.9830
0.8193,0.9818
0.8133,0.9765
0.8157,0.9827
0.8288,0.9848
0.8202,0.9784
0.8275,0.9870
0.8063,0.9820
0.8174,0.9890
0.7975,0.9714
0.8056,0.9836
0.8099,0.9841
0.8157,0.9857
0.8388,0.9912
0.8234,0.9845
0.8225,0.9901
0.8255,0.9931
0.8190,0.9772
0.8304,0.9883
0.8147,0.9909
0.8231,0.9838
0.8252,0.9821
0.8162,0.9854
0.8249,0.9884
0.8164,0.9807
0.8074,0.9833
0.8225,0.9878
0.8264,0.9868
0.8257,0.9902
0.8200,0.9863
0.8274,0.9913
0.8273,0.9939
0.8268,0.9913
0.8244,0.9917
0.8342,0.9921
0.8307,0.9938
0.8244,0.9897
0.8200,0.9928
0.8372,0.9946
0.8349,0.9908
0.8291,0.9903
0.8307,0.9912
0.8299,0.9950
0.8211,0.9911
0.8174,0.9894
0.8092,0.9914
0.8341,0.9919
0.8286,0.9924
0.8254,0.9910
0.8295,0.9891
0.8323,0.9933
0.8194,0.9927
0.8297,0.9946
0.8235,0.9904
0.8277,0.9925
0.8275,0.9868
0.8222,0.9888
0.8257,0.9905
0.8286,0.9869
0.8222,0.9922
0.8252,0.9888
0.8295,0.9881
0.8198,0.9879
0.8366,0.9879
0.8187,0.9814
0.8246,0.9838
0.8232,0.9889
0.8255,0.9910
0.8233,0.9825
0.8103,0.9895
0.8198,0.9856
0.8110,0.9852
0.8264,0.9873
0.8245,0.9867
0.8171,0.9879
0.8198,0.9907
0.8215,0.9922
0.8188,0.9887
0.8190,0.9940
0.8215,0.9905
0.8182,0.9867
0.8227,0.9922
0.8206,0.9908
0.8255,0.9893
0.8235,0.9868
0.8097,0.9814
0.8242,0.9890
0.8235,0.9883
0.8305,0.9919
0.8203,0.9914
0.8274,0.9851
0.8138,0.9908
0.8285,0.9917
0.8152,0.9930
0.8220,0.9888
0.8233,0.9871
0.8283,0.9875
0.8298,0.9910
0.8222,0.9863
0.8248,0.9867
0.8237,0.9832
0.8150,0.9886
0.8214,0.9772
0.8276,0.9855
0.8232,0.9875
0.8193,0.9865
0.8269,0.9866
0.8131,0.9815
0.8263,0.9886
0.8158,0.9851
0.8178,0.9815
0.8087,0.9879
0.8155,0.9841
0.8314,0.9898
0.8157,0.9875
0.8182,0.9860
0.8222,0.9907
0.8202,0.9857
0.8199,0.9875
0.8167,0.9858
0.8232,0.9854
0.8235,0.9834
0.8248,0.9769
0.8265,0.9839
0.8153,0.9855
0.8101,0.9855
0.8157,0.9812
0.8149,0.9856
0.8112,0.9829
0.8165,0.9819
0.8199,0.9883
0.8251,0.9876
0.8157,0.9851
0.8209,0.9845
0.8192,0.9867
0.8273,0.9881
0.8367,0.9873
0.8232,0.9871
0.8285,0.9857
0.8303,0.9871
0.8136,0.9832
0.8193,0.9858
0.8241,0.9852
0.8207,0.9855
0.8219,0.9819
0.8269,0.9880
0.8191,0.9770
0.8273,0.9809
0.8245,0.9844
0.8182,0.9840
0.8124,0.9828
0.8216,0.9874
0.8131,0.9869
0.8238,0.9859
0.8250,0.9816
0.8442,0.9863
0.8266,0.9842
0.8319,0.9855
0.8269,0.9895
0.8354,0.9924
0.8284,0.9903
0.8357,0.9864
0.8349,0.9887
0.8378,0.9859
0.8325,0.9890
0.8198,0.9877
0.8210,0.9853
0.8135,0.9854
0.8123,0.9872
0.8068,0.9796
0.8075,0.9831
0.8253,0.9859
0.8177,0.9851
0.8153,0.9848
0.8205,0.9884
0.8139,0.9902
0.8164,0.9884
0.8260,0.9852
0.8148,0.9844
0.8124,0.9875
0.8189,0.9887
0.8302,0.9922
0.8156,0.9856
0.8161,0.9901
0.8183,0.9894
0.8245,0.9879
0.8118,0.9918
0.8250,0.9937
0.8165,0.9889
0.8195,0.9843
0.8185,0.9884
0.8183,0.9909
0.8290,0.9903
0.8299,0.9916
0.8369,0.9963
0.8461,0.9946
0.8595,0.9971
0.8512,0.9971
0.8390,0.9944
0.8339,0.9913
0.8351,0.9883
0.8430,0.9970
0.8395,0.9946
0.8443,0.9923
0.8446,0.9951
0.8407,0.9929
0.8324,0.9902
0.8434,0.9948
0.8299,0.9936
0.8408,0.9937
0.8273,0.9929
0.8314,0.9962
0.8300,0.9928
0.8326,0.9903
0.8337,0.9920
0.8236,0.9917
0.8268,0.9920
0.8334,0.9939
0.8323,0.9921
0.8296,0.9893
0.8395,0.9919
0.8302,0.9958
0.8299,0.9942
0.8304,0.9953
0.8240,0.9929
0.8252,0.9888
0.8199,0.9907
0.8205,0.9876
0.8204,0.9928
0.8131,0.9914
0.8248,0.9878
0.8308,0.9910
0.8275,0.9922
0.8263,0.9933
0.8236,0.9880
0.8194,0.9878
0.8308,0.9917
0.8238,0.9903
0.8160,0.9917
0.8234,0.9915
0.8227,0.9899
0.8287,0.9893
0.8264,0.9884
0.8360,0.9912
0.8303,0.9912
0.8212,0.9888
0.8202,0.9830
0.8160,0.9893
0.8277,0.9899
0.8247,0.9906
0.8180,0.9872
0.8203,0.9916
0.8219,0.9912
0.8277,0.9840
0.8240,0.9868
0.8234,0.9890
0.8319,0.9905
0.8256,0.9926
0.8282,0.9899
0.8289,0.9917
0.8197,0.9935
0.8299,0.9936
0.8312,0.9930
0.8302,0.9926
0.8274,0.9926
0.8256,0.9910
0.8181,0.9920
0.8224,0.9897
0.8157,0.9895
0.8192,0.9909
0.8125,0.9890
0.8172,0.9915
0.8240,0.9827
0.8323,0.9859
0.8445,0.9943
0.8338,0.9925
0.8189,0.9869
0.8135,0.9917
0.8210,0.9894
0.8466,0.9950
0.8271,0.9887
0.8220,0.9924
0.8173,0.9889
0.8265,0.9930
0.8244,0.9906
0.8166,0.9871
0.8207,0.9913
0.8177,0.9934
0.8253,0.9884
0.8204,0.9882
0.8241,0.9916
0.8246,0.9936
0.8291,0.9944
0.8460,0.9954
0.8357,0.9965
0.8278,0.9933
0.8268,0.9943
0.8104,0.9963
0.8284,0.9947
0.8357,0.9954
0.8348,0.9958
0.8292,0.9961
0.8267,0.9965
0.8306,0.9955
0.8188,0.9917
0.8129,0.9952
0.7955,0.9904
0.8331,0.9961
0.8204,0.9958
0.8256,0.9921
0.8138,0.9945
0.8086,0.9916
0.8327,0.9946
0.8296,0.9970
0.8302,0.9966
0.8244,0.9944
0.8355,0.9974
0.8206,0.9946
0.7928,0.9933
0.8181,0.9955
0.8281,0.9968
0.8114,0.9955
0.8295,0.9904
0.8213,0.9953
0.8217,0.9946
0.8136,0.9890
0.8307,0.9944
0.8376,0.9950
0.8271,0.9918
0.8324,0.9917
0.8264,0.9945
0.8247,0.9917
0.8195,0.9945
0.8214,0.9933
0.8203,0.9936
0.8280,0.9923
0.8241,0.9949
0.8212,0.9905
0.8250,0.9921
0.8210,0.9859
0.8232,0.9914
0.8083,0.9873
0.8198,0.9917
0.8231,0.9914
0.8204,0.9894
0.8213,0.9903
0.8269,0.9890
0.8106,0.9836
0.8096,0.9841
0.8123,0.9886
0.8096,0.9870
0.8194,0.9863
0.8256,0.9914
0.8093,0.9864
0.8164,0.9897
0.8170,0.9876
0.8220,0.9884
0.8229,0.9918
0.8281,0.9932
0.8223,0.9851
0.8161,0.9886
0.8212,0.9915
0.8191,0.9910
0.8218,0.9874
0.8274,0.9900
0.8206,0.9890
0.8137,0.9883
0.8144,0.9884
0.8177,0.9877
0.8213,0.9878
0.8205,0.9860
0.8217,0.9883
0.8353,0.9913
0.8284,0.9928
0.8257,0.9916
0.8259,0.9881
0.8340,0.9905
0.8234,0.9908
0.8194,0.9904
0.8199,0.9913
0.8187,0.9901
0.8184,0.9904
0.8219,0.9894
0.8268,0.9928
0.8273,0.9901
0.8110,0.9897
0.8205,0.9853
0.8303,0.9888
0.8192,0.9902
0.8208,0.9858
0.8233,0.9878
0.8202,0.9895
0.8305,0.9883
0.8246,0.9878
0.8189,0.9831
0.8272,0.9846
0.8150,0.9868
0.8234,0.9872
0.8026,0.9883
0.8183,0.9836
0.8173,0.9862
0.8140,0.9793
0.8330,0.9900
0.8304,0.9894
0.8246,0.9882
0.8281,0.9893
0.8256,0.9876
0.8320,0.9900
0.8256,0.9916
0.8281,0.9920
0.8313,0.9901
0.8203,0.9903
0.8324,0.9898
0.8199,0.9832
0.8479,0.9931
0.8329,0.9943
0.8255,0.9925
0.8202,0.9891
0.8246,0.9866
0.8149,0.9851
0.8243,0.9892
0.8245,0.9903
0.8194,0.9856
0.8180,0.9921
0.8144,0.9809
0.8213,0.9872
0.8164,0.9930
0.8171,0.9897
0.8251,0.9871
0.8247,0.9879
0.8159,0.9881
0.8214,0.9870
0.8254,0.9858
0.8183,0.9891
0.8054,0.9842
0.8243,0.9890
0.8218,0.9899
0.8136,0.9896
0.8183,0.9904
0.8069,0.9855
0.8204,0.9895
0.8165,0.9867
0.8167,0.9874
0.8242,0.9918
0.8116,0.9820
0.8122,0.9821
0.8098,0.9861
0.8018,0.9796
0.8104,0.9857
0.8094,0.9894
0.8190,0.9903
0.8177,0.9859
0.8073,0.9815
0.8251,0.9862
0.8108,0.9857
0.8042,0.9847
0.8189,0.9857
0.8175,0.9809
0.8248,0.9840
0.8153,0.9871
0.8220,0.9855
0.8152,0.9845
0.8206,0.9851
0.8286,0.9876
0.8067,0.9860
0.8170,0.9861
0.8215,0.9846
0.8140,0.9865
0.8198,0.9847
0.8327,0.9891
0.8299,0.9899
0.8264,0.9906
0.8172,0.9899
0.8263,0.9846
0.8215,0.9842
0.8022,0.9826
0.8241,0.9859
0.8236,0.9888
0.8127,0.9845
0.8157,0.9862
0.8214,0.9850
0.8317,0.9882
0.8118,0.9860
0.8240,0.9926
0.8256,0.9876
0.8269,0.9928
0.8249,0.9912
0.8302,0.9915
0.8166,0.9895
0.8231,0.9915
0.8217,0.9881
0.8291,0.9869
0.8249,0.9855
0.8216,0.9864
0.8217,0.9861
0.8221,0.9892
0.8282,0.9885
0.8235,0.9868
0.8279,0.9841
0.8222,0.9840
0.8208,0.9907
0.8385,0.9864
0.8271,0.9864
0.8158,0.9822
0.8252,0.9900
0.8384,0.9917
0.8355,0.9916
0.8354,0.9868
0.8354,0.9917
0.8287,0.9873
0.8242,0.9879
0.8347,0.9873
0.8317,0.9888
0.8246,0.9886
0.8203,0.9888
0.8196,0.9883
0.8162,0.9888
0.8169,0.9881
0.8113,0.9870
0.8180,0.9888
0.7983,0.9847
0.8179,0.9822
0.8165,0.9853
0.8175,0.9813
0.8097,0.9845
0.8107,0.9785
0.8106,0.9869
0.8092,0.9881
0.8260,0.9833
0.8194,0.9859
0.8172,0.9827
0.8142,0.9806
0.8234,0.9853
0.8202,0.9848
0.8187,0.9848
0.8160,0.9820
0.8204,0.9791
0.8339,0.9839
0.8108,0.9793
0.8116,0.9821
0.8176,0.9824
0.8158,0.9780
0.8105,0.9762
0.8136,0.9843
0.8244,0.9799
0.8165,0.9809
0.8095,0.9806
0.8217,0.9812
0.8156,0.9839
0.8330,0.9844
0.8193,0.9810
0.8282,0.9840
0.8242,0.9820
0.8175,0.9809
0.8256,0.9831
0.8173,0.9805
0.8119,0.9832
0.8247,0.9834
0.8217,0.9832
0.8198,0.9819
0.8281,0.9839
0.8199,0.9829
0.8237,0.9867
0.8202,0.9797
0.8086,0.9771
0.8128,0.9758
0.8245,0.9869
0.8255,0.9829
0.8165,0.9791
0.8277,0.9855
0.8254,0.9860
0.8352,0.9831
0.8250,0.9857
0.8287,0.9831
0.8266,0.9807
0.8300,0.9787
0.8243,0.9846
0.8363,0.9824
0.8302,0.9767
0.8302,0.9791
0.8208,0.9807
0.8215,0.9784
0.8192,0.9775
0.8268,0.9801
0.8187,0.9770
0.8254,0.9771
0.8203,0.9730
0.8213,0.9755
0.8274,0.9771
0.8126,0.9774
0.8184,0.9749
0.8241,0.9826
0.8237,0.9737
0.8263,0.9765
0.8137,0.9778
0.8173,0.9746
0.8218,0.9755
0.8253,0.9771
0.8196,0.9749
0.8204,0.9741
0.8180,0.9764
0.8134,0.9783
0.8173,0.9736
0.8198,0.9752
0.8155,0.9732
0.8147,0.9775
0.8196,0.9799
0.8266,0.9771
0.8196,0.9779
0.8239,0.9814
0.8182,0.9828
0.8251,0.9785
0.8253,0.9778
0.8182,0.9718
0.8245,0.9724
0.8162,0.9760
0.8173,0.9781
0.8277,0.9779
0.8200,0.9746
0.8225,0.9767
0.8162,0.9764
0.8257,0.9763
0.8303,0.9833
0.8261,0.9784
0.8186,0.9811
0.8320,0.9820
0.8359,0.9776
0.8210,0.9760
0.8276,0.9775
0.8233,0.9754
0.8127,0.9764
0.8131,0.9746
0.8178,0.9777
0.8172,0.9756
0.8116,0.9751
0.8180,0.9754
0.8189,0.9750
0.8195,0.9718
0.8236,0.9787
0.8196,0.9771
0.8201,0.9779
0.8158,0.9796
0.8120,0.9761
0.8233,0.9796
0.8192,0.9722
0.8212,0.9783
0.8255,0.9712
0.8273,0.9797
0.8284,0.9795
0.8192,0.9770
0.8223,0.9699
0.8120,0.9743
0.8086,0.9779
0.8093,0.9745
0.8151,0.9748
0.8141,0.9733
0.8179,0.9750
0.8180,0.9729
0.8177,0.9742
0.8157,0.9761
0.8135,0.9747
0.8115,0.9770
0.8170,0.9775
0.8196,0.9757
0.8174,0.9730
0.8014,0.9736
0.8132,0.9722
0.8198,0.9773
0.8227,0.9744
0.8134,0.9744
0.8161,0.9733
0.8180,0.9761
0.8261,0.9801
0.8182,0.9757
0.8159,0.9731
0.8210,0.9761
0.8163,0.9784
0.8127,0.9757
0.8189,0.9803
0.8168,0.9777
0.8145,0.9771
0.8196,0.9784
0.8211,0.9745
0.8257,0.9785
0.8126,0.9765
0.8124,0.9739
0.8122,0.9728
0.8223,0.9719
0.8194,0.9727
0.8153,0.9731
0.8155,0.9752
0.8126,0.9739
0.8062,0.9729
0.8142,0.9684
0.8140,0.9693
0.8072,0.9749
0.8089,0.9700
0.8102,0.9692
0.8178,0.9722
0.8132,0.9683
0.8079,0.9702
0.8093,0.9722
0.8025,0.9677
0.8224,0.9698
0.8139,0.9648
0.8065,0.9663
0.8135,0.9696
0.8136,0.9679
0.8277,0.9736
0.8259,0.9750
0.8084,0.9723
0.8175,0.9706
0.8231,0.9677
0.8186,0.9768
0.8227,0.9727
0.8287,0.9796
0.8114,0.9732
0.8189,0.9744
0.8168,0.9734
0.8190,0.9720
0.8129,0.9752
0.8109,0.9724
0.8090,0.9730
0.8168,0.9702
0.8165,0.9690
0.8136,0.9709
0.8186,0.9723
0.8133,0.9713
0.8087,0.9688
0.8160,0.9740
0.8026,0.9634
0.8034,0.9653
0.8038,0.9642
0.8062,0.9642
0.8047,0.9644
0.8013,0.9596
0.8020,0.9634
0.8074,0.9622
0.8135,0.9690
0.8046,0.9635
0.8024,0.9653
0.8093,0.9662
0.8059,0.9655
0.7993,0.9616
0.7970,0.9632
0.8016,0.9649
0.7993,0.9591
0.8063,0.9677
0.8029,0.9582
0.7997,0.9624
0.7991,0.9646
0.8003,0.9617
0.7963,0.9600
0.7889,0.9540
0.8076,0.9594
0.7978,0.9629
0.7948,0.9542
0.7950,0.9555
0.7962,0.9553
0.7927,0.9524
0.7906,0.9504
0.7929,0.9571
0.8054,0.9655
0.8005,0.9549
0.7907,0.9539
0.7951,0.9542
0.7938,0.9514
0.7874,0.9532
0.7996,0.9585
0.7881,0.9489
0.7873,0.9488
0.7887,0.9485
0.7944,0.9564
0.7917,0.9486
0.7883,0.9525
0.7868,0.9469
0.7880,0.9478
0.7920,0.9540
0.7978,0.9521
0.7891,0.9539
0.7820,0.9468
0.7918,0.9462
0.7826,0.9476
0.7854,0.9458
0.7775,0.9359
0.7892,0.9518
0.7827,0.9441
0.7827,0.9438
0.7783,0.9382
0.7767,0.9400
0.7858,0.9375
0.7864,0.9436
0.7918,0.9437
0.7778,0.9344
0.7756,0.9370
0.7734,0.9329
0.7689,0.9343
0.7764,0.9378
0.7762,0.9353
0.7592,0.9224
0.7609,0.9265
0.7811,0.9296
0.7724,0.9360
0.7652,0.9242
0.7639,0.9238
0.7659,0.9262
0.7611,0.9241
0.7631,0.9238
0.7616,0.9268
0.7655,0.9234
0.7598,0.9219
0.7602,0.9168
0.7499,0.9142
0.7441,0.9058
0.7500,0.9128
0.7420,0.9091
0.7323,0.8997
0.7428,0.9081
0.7339,0.9085
0.7141,0.8875
0.7303,0.8892
0.7357,0.8976
0.7248,0.8871
0.7221,0.8874
0.7157,0.8815
0.7110,0.8786
0.7093,0.8785
0.7024,0.8691
0.7006,0.8671
0.6922,0.8602
0.6969,0.8647
0.7164,0.8782
0.7196,0.8817
0.7139,0.8789
0.7398,0.8956
0.8042,0.9486
0.7802,0.9248
0.7819,0.9288
0.8241,0.9590
0.8051,0.9527
0.7877,0.9447
0.7867,0.9331
0.7726,0.9252
0.7588,0.9110
0.7553,0.9180
0.7576,0.9193
0.7610,0.9145
0.7640,0.9278
0.7617,0.9183
0.7455,0.8998
0.7320,0.8973
0.7516,0.9098
0.7653,0.9190
0.7774,0.9310
0.7754,0.9209
0.7645,0.9127
0.7659,0.9152
0.7595,0.9152
0.7724,0.9286
0.7431,0.9012
0.7496,0.9086
0.7460,0.9081
0.7550,0.9109
0.7487,0.9115
0.7486,0.9092
0.7680,0.9271
0.7616,0.9177
0.7536,0.9047
0.7879,0.9378
0.7973,0.9512
0.7793,0.9377
0.7979,0.9409
0.7931,0.9486
0.7861,0.9406
0.8016,0.9454
0.8081,0.9526
0.7965,0.9420
0.7860,0.9407
0.7797,0.9325
0.7994,0.9547
0.7966,0.9430
0.7717,0.9320
0.7748,0.9284
0.7657,0.9244
0.7734,0.9218
0.7649,0.9208
0.7532,0.9107
0.7430,0.9083
0.7513,0.9045
0.7695,0.9173
0.7680,0.9233
0.7713,0.9283
0.7615,0.9279
0.7768,0.9241
0.7606,0.9219
0.7693,0.9213
0.7639,0.9198
0.7620,0.9253
0.7732,0.9276
0.7716,0.9225
0.7585,0.9183
0.7505,0.9257
0.7396,0.9020
0.7260,0.8929
